Date,Hour,WatchPoint,AQI,Level,PrimaryPollution,PM2.5,PM10,CO,NO2,O3_1h,O3_8h,SO2
20200326,18,大通区政府,NaN,—,—,NaN,NaN,NaN,NaN,NaN,NaN,NaN
20200326,18,潘集区政府,64,良,细颗粒物(PM2.5),46,NaN,NaN,26,20,16,6
20200326,18,师范学院,60,良,细颗粒物(PM2.5),43,57,0.8,8,34,17,8
20200326,18,谢家集区政府,30,优,NaN,18,30,0.8,27,20,13,47
20200326,18,八公山区政府,53,良,细颗粒物(PM2.5),37,NaN,0.8,22,28,16,6
20200326,18,焦岗湖风景区管理处,22,优,NaN,12,22,0.8,14,28,19,6
20200326,18,益益乳业工业园,60,良,细颗粒物(PM2.5),43,54,1.0,41,18,20,6
20200326,18,大通区政府（已停运）,NaN,,NaN,NaN,NaN,NaN,NaN,NaN,NaN,NaN
20200326,20,大通区政府,NaN,—,—,NaN,NaN,NaN,NaN,NaN,NaN,NaN
20200326,20,潘集区政府,128,轻度污染,细颗粒物(PM2.5),97,143,1.4,47,18,18,6
20200326,20,师范学院,63,良,细颗粒物(PM2.5),45,55,1.0,NaN,37,23,8
20200326,20,谢家集区政府,70,良,细颗粒物(PM2.5),51,67,1.2,34,21,16,13
20200326,20,八公山区政府,112,轻度污染,细颗粒物(PM2.5),84,97,1.4,35,24,19,6
20200326,20,焦岗湖风景区管理处,70,良,细颗粒物(PM2.5),51,67,1.2,21,25,21,7
20200326,20,益益乳业工业园,68,良,细颗粒物(PM2.5),49,62,1.2,26,29,20,4
20200326,20,大通区政府（已停运）,NaN,,NaN,NaN,NaN,NaN,NaN,NaN,NaN,NaN
20200326,21,大通区政府,NaN,—,—,NaN,NaN,NaN,NaN,NaN,NaN,NaN
20200326,21,潘集区政府,139,轻度污染,细颗粒物(PM2.5),106,150,0.9,37,25,20,6
20200326,21,师范学院,110,轻度污染,细颗粒物(PM2.5),83,122,0.9,24,29,24,8
20200326,21,谢家集区政府,120,轻度污染,细颗粒物(PM2.5),91,129,1.0,32,16,17,10
20200326,21,八公山区政府,160,中度污染,细颗粒物(PM2.5),122,131,1.0,32,21,20,5
20200326,21,焦岗湖风景区管理处,93,良,细颗粒物(PM2.5),69,88,0.8,24,24,22,8
20200326,21,益益乳业工业园,85,良,细颗粒物(PM2.5),63,82,1.0,29,31,20,4
20200326,21,大通区政府（已停运）,NaN,,NaN,NaN,NaN,NaN,NaN,NaN,NaN,NaN
20200327,10,大通区政府,NaN,—,—,NaN,NaN,NaN,NaN,NaN,NaN,NaN
20200327,10,潘集区政府,34,优,NaN,19,34,0.3,21,61,64,6
20200327,10,师范学院,42,优,NaN,9,42,0.4,24,52,60,19
20200327,10,谢家集区政府,29,优,NaN,17,29,0.4,16,58,58,8
20200327,10,八公山区政府,35,优,NaN,22,35,0.2,22,58,60,6
20200327,10,焦岗湖风景区管理处,26,优,NaN,16,26,0.3,12,56,58,8
20200327,10,益益乳业工业园,49,优,NaN,4,49,0.2,17,59,60,7
20200327,10,大通区政府（已停运）,NaN,,NaN,NaN,NaN,NaN,NaN,NaN,NaN,NaN
20200327,11,大通区政府,NaN,—,—,NaN,NaN,NaN,NaN,NaN,NaN,NaN
20200327,11,潘集区政府,43,优,NaN,20,43,0.3,21,61,64,5
20200327,11,师范学院,44,优,NaN,12,44,0.4,21,55,59,16
20200327,11,谢家集区政府,36,优,NaN,13,36,0.4,16,57,59,8
20200327,11,八公山区政府,35,优,NaN,11,35,0.3,20,59,60,6
20200327,11,焦岗湖风景区管理处,33,优,NaN,9,33,NaN,24,58,58,6
20200327,11,益益乳业工业园,52,良,颗粒物(PM10),12,53,0.2,17,61,60,8
20200327,11,大通区政府（已停运）,NaN,,NaN,NaN,NaN,NaN,NaN,NaN,NaN,NaN
20200327,12,大通区政府,NaN,—,—,NaN,NaN,NaN,NaN,NaN,NaN,NaN
20200327,12,潘集区政府,32,优,NaN,18,32,0.3,17,65,64,6
20200327,12,师范学院,45,优,NaN,20,45,0.3,20,56,58,14
20200327,12,谢家集区政府,36,优,NaN,16,36,0.4,16,57,59,9
20200327,12,八公山区政府,30,优,NaN,12,30,0.3,20,60,60,7
20200327,12,焦岗湖风景区管理处,NaN,,NaN,NaN,NaN,0.3,18,52,57,6
20200327,12,益益乳业工业园,37,优,NaN,16,37,0.2,19,60,60,8
20200327,12,大通区政府（已停运）,NaN,,NaN,NaN,NaN,NaN,NaN,NaN,NaN,NaN
20200327,13,大通区政府,NaN,—,—,NaN,NaN,NaN,NaN,NaN,NaN,NaN
20200327,13,潘集区政府,41,优,NaN,21,41,0.4,17,70,64,7
20200327,13,师范学院,48,优,NaN,18,48,0.3,16,66,58,12
20200327,13,谢家集区政府,36,优,NaN,20,36,0.4,16,62,59,10
20200327,13,八公山区政府,38,优,NaN,16,38,0.4,19,64,60,6
20200327,13,焦岗湖风景区管理处,28,优,NaN,19,28,0.4,18,58,57,8
20200327,13,益益乳业工业园,51,良,颗粒物(PM10),6,52,0.3,18,66,63,11
20200327,13,大通区政府（已停运）,NaN,,NaN,NaN,NaN,NaN,NaN,NaN,NaN,NaN
20200327,14,大通区政府,NaN,—,—,NaN,NaN,NaN,NaN,NaN,NaN,NaN
20200327,14,潘集区政府,42,优,NaN,22,42,0.4,17,75,65,6
20200327,14,师范学院,50,优,NaN,17,50,0.3,15,72,59,12
20200327,14,谢家集区政府,44,优,NaN,19,44,0.4,16,68,60,10
20200327,14,八公山区政府,37,优,NaN,23,37,0.4,18,68,61,7
20200327,14,焦岗湖风景区管理处,27,优,NaN,15,27,0.4,18,61,57,5
20200327,14,益益乳业工业园,53,良,颗粒物(PM10),21,55,0.3,16,75,64,11
20200327,14,大通区政府（已停运）,NaN,,NaN,NaN,NaN,NaN,NaN,NaN,NaN,NaN
20200327,14,大通区政府,NaN,—,—,NaN,NaN,NaN,NaN,NaN,NaN,NaN
20200327,14,潘集区政府,42,优,NaN,22,42,0.4,17,75,65,6
20200327,14,师范学院,50,优,NaN,17,50,0.3,15,72,59,12
20200327,14,谢家集区政府,44,优,NaN,19,44,0.4,16,68,60,10
20200327,14,八公山区政府,37,优,NaN,23,37,0.4,18,68,61,7
20200327,14,焦岗湖风景区管理处,27,优,NaN,15,27,0.4,18,61,57,5
20200327,14,益益乳业工业园,53,良,颗粒物(PM10),21,55,0.3,16,75,64,11
20200327,14,大通区政府（已停运）,NaN,,NaN,NaN,NaN,NaN,NaN,NaN,NaN,NaN
20200327,15,大通区政府,NaN,—,—,NaN,NaN,NaN,NaN,NaN,NaN,NaN
20200327,15,潘集区政府,38,优,NaN,23,38,0.4,17,78,66,8
20200327,15,师范学院,55,良,颗粒物(PM10),24,60,0.3,17,77,62,13
20200327,15,谢家集区政府,42,优,NaN,27,42,0.4,16,70,62,10
20200327,15,八公山区政府,48,优,NaN,25,48,0.4,16,72,62,9
20200327,15,焦岗湖风景区管理处,38,优,NaN,15,38,0.4,13,64,58,4
20200327,15,益益乳业工业园,45,优,NaN,25,45,0.3,13,81,66,12
20200327,15,大通区政府（已停运）,NaN,,NaN,NaN,NaN,NaN,NaN,NaN,NaN,NaN
20200327,16,大通区政府,NaN,—,—,NaN,NaN,NaN,NaN,NaN,NaN,NaN
20200327,16,潘集区政府,42,优,NaN,28,42,0.4,18,78,68,9
20200327,16,师范学院,58,良,颗粒物(PM10),22,66,0.3,21,75,63,12
20200327,16,谢家集区政府,39,优,NaN,26,39,0.4,18,70,63,12
20200327,16,八公山区政府,39,优,NaN,24,39,0.3,20,73,64,9
20200327,16,焦岗湖风景区管理处,44,优,NaN,17,44,0.4,11,63,58,4
20200327,16,益益乳业工业园,52,良,颗粒物(PM10),20,54,0.3,15,85,68,9
20200327,16,大通区政府（已停运）,NaN,,NaN,NaN,NaN,NaN,NaN,NaN,NaN,NaN
20200327,17,大通区政府,NaN,—,—,NaN,NaN,NaN,NaN,NaN,NaN,NaN
20200327,17,潘集区政府,55,良,颗粒物(PM10),35,59,0.4,21,74,70,8
20200327,17,师范学院,55,良,颗粒物(PM10),31,60,0.4,24,78,66,11
20200327,17,谢家集区政府,50,优,NaN,35,40,0.4,22,71,64,11
20200327,17,八公山区政府,51,良,颗粒物(PM10),28,51,0.4,20,70,66,7
20200327,17,焦岗湖风景区管理处,44,优,NaN,22,44,0.5,15,56,58,6
20200327,17,益益乳业工业园,58,良,颗粒物(PM10),27,65,0.3,16,89,72,8
20200327,17,大通区政府（已停运）,NaN,,NaN,NaN,NaN,NaN,NaN,NaN,NaN,NaN
20200330,08,大通区政府,NaN,—,—,NaN,NaN,NaN,NaN,NaN,NaN,NaN
20200330,08,潘集区政府,82,良,细颗粒物(PM2.5),60,67,0.3,38,33,46,12
20200330,08,师范学院,57,良,细颗粒物(PM2.5),40,48,0.3,34,38,48,12
20200330,08,谢家集区政府,59,良,颗粒物(PM10),41,68,0.3,37,28,40,8
20200330,08,八公山区政府,54,良,细颗粒物(PM2.5),38,47,0.3,37,37,44,6
20200330,08,焦岗湖风景区管理处,48,优,NaN,33,36,0.4,36,30,33,10
20200330,08,益益乳业工业园,43,优,NaN,30,42,0.2,22,44,51,11
20200330,08,大通区政府（已停运）,NaN,,NaN,NaN,NaN,NaN,NaN,NaN,NaN,NaN
20200330,09,大通区政府,NaN,—,—,NaN,NaN,NaN,NaN,NaN,NaN,NaN
20200330,09,潘集区政府,73,良,细颗粒物(PM2.5),53,58,0.3,29,49,46,13
20200330,09,师范学院,54,良,颗粒物(PM10),34,58,0.4,28,47,47,12
20200330,09,谢家集区政府,51,良,颗粒物(PM10),30,52,0.4,30,36,38,8
20200330,09,八公山区政府,52,良,细颗粒物(PM2.5),36,47,0.3,30,44,43,6
20200330,09,焦岗湖风景区管理处,51,良,颗粒物(PM10),35,51,0.4,33,34,33,7
20200330,09,益益乳业工业园,48,优,NaN,33,38,0.2,16,54,50,6
20200330,09,大通区政府（已停运）,NaN,,NaN,NaN,NaN,NaN,NaN,NaN,NaN,NaN
20200330,10,大通区政府,NaN,—,—,NaN,NaN,NaN,NaN,NaN,NaN,NaN
20200330,10,潘集区政府,69,良,细颗粒物(PM2.5),50,58,0.3,21,60,46,5
20200330,10,师范学院,57,良,细颗粒物(PM2.5),40,48,0.3,30,44,46,10
20200330,10,谢家集区政府,53,良,"
                      颗粒物(PM10)
                      
                      细颗粒物(PM2.5)
                      
",37,55,0.4,28,38,37,8
20200330,10,八公山区政府,59,良,细颗粒物(PM2.5),42,NaN,0.4,30,47,44,12
20200330,10,焦岗湖风景区管理处,56,良,颗粒物(PM10),32,61,0.4,26,48,35,8
20200330,10,益益乳业工业园,50,优,NaN,35,41,0.2,13,58,50,4
20200330,10,大通区政府（已停运）,NaN,,NaN,NaN,NaN,NaN,NaN,NaN,NaN,NaN
20200330,10,大通区政府,NaN,—,—,NaN,NaN,NaN,NaN,NaN,NaN,NaN
20200330,10,潘集区政府,69,良,细颗粒物(PM2.5),50,58,0.3,21,60,46,5
20200330,10,师范学院,57,良,细颗粒物(PM2.5),40,48,0.3,30,44,46,10
20200330,10,谢家集区政府,53,良,"
                      颗粒物(PM10)
                      
                      细颗粒物(PM2.5)
                      
",37,55,0.4,28,38,37,8
20200330,10,八公山区政府,59,良,细颗粒物(PM2.5),42,NaN,0.4,30,47,44,12
20200330,10,焦岗湖风景区管理处,56,良,颗粒物(PM10),32,61,0.4,26,48,35,8
20200330,10,益益乳业工业园,50,优,NaN,35,41,0.2,13,58,50,4
20200330,10,大通区政府（已停运）,NaN,,NaN,NaN,NaN,NaN,NaN,NaN,NaN,NaN
20200330,10,大通区政府,NaN,—,—,NaN,NaN,NaN,NaN,NaN,NaN,NaN
20200330,10,潘集区政府,69,良,细颗粒物(PM2.5),50,58,0.3,21,60,46,5
20200330,10,师范学院,57,良,细颗粒物(PM2.5),40,48,0.3,30,44,46,10
20200330,10,谢家集区政府,53,良,"
                      颗粒物(PM10)
                      
                      细颗粒物(PM2.5)
                      
",37,55,0.4,28,38,37,8
20200330,10,八公山区政府,59,良,细颗粒物(PM2.5),42,NaN,0.4,30,47,44,12
20200330,10,焦岗湖风景区管理处,56,良,颗粒物(PM10),32,61,0.4,26,48,35,8
20200330,10,益益乳业工业园,50,优,NaN,35,41,0.2,13,58,50,4
20200330,10,大通区政府（已停运）,NaN,,NaN,NaN,NaN,NaN,NaN,NaN,NaN,NaN
20200330,11,大通区政府,NaN,—,—,NaN,NaN,NaN,NaN,NaN,NaN,NaN
20200330,11,潘集区政府,58,良,细颗粒物(PM2.5),41,42,0.3,21,65,46,7
20200330,11,师范学院,47,优,NaN,28,47,0.3,19,62,48,8
20200330,11,谢家集区政府,65,良,细颗粒物(PM2.5),47,48,0.4,25,44,37,17
20200330,11,八公山区政府,58,良,细颗粒物(PM2.5),41,NaN,0.4,31,47,45,14
20200330,11,焦岗湖风景区管理处,51,良,颗粒物(PM10),28,52,0.4,29,47,37,8
20200330,11,益益乳业工业园,39,优,NaN,27,31,0.3,13,64,52,3
20200330,11,大通区政府（已停运）,NaN,,NaN,NaN,NaN,NaN,NaN,NaN,NaN,NaN
20200330,12,大通区政府,NaN,—,—,NaN,NaN,NaN,NaN,NaN,NaN,NaN
20200330,12,潘集区政府,53,良,细颗粒物(PM2.5),37,38,0.3,19,70,48,5
20200330,12,师范学院,36,优,NaN,25,28,0.3,16,76,51,7
20200330,12,谢家集区政府,57,良,细颗粒物(PM2.5),40,46,0.4,18,60,39,9
20200330,12,八公山区政府,70,良,细颗粒物(PM2.5),51,NaN,0.4,26,56,45,7
20200330,12,焦岗湖风景区管理处,59,良,细颗粒物(PM2.5),42,55,0.4,28,51,39,7
20200330,12,益益乳业工业园,33,优,NaN,19,33,0.2,10,78,55,2
20200330,12,大通区政府（已停运）,NaN,,NaN,NaN,NaN,NaN,NaN,NaN,NaN,NaN
20200330,13,大通区政府,NaN,—,—,NaN,NaN,NaN,NaN,NaN,NaN,NaN
20200330,13,潘集区政府,54,良,细颗粒物(PM2.5),38,40,0.2,20,74,52,5
20200330,13,师范学院,37,优,NaN,14,37,0.3,13,86,56,8
20200330,13,谢家集区政府,48,优,NaN,33,37,0.4,16,68,42,6
20200330,13,八公山区政府,57,良,细颗粒物(PM2.5),40,49,0.4,22,64,47,8
20200330,13,焦岗湖风景区管理处,54,良,细颗粒物(PM2.5),38,52,0.4,30,59,42,8
20200330,13,益益乳业工业园,26,优,NaN,9,23,0.2,10,82,58,2
20200330,13,大通区政府（已停运）,NaN,,NaN,NaN,NaN,NaN,NaN,NaN,NaN,NaN
20200330,14,大通区政府,NaN,—,—,NaN,NaN,NaN,NaN,NaN,NaN,NaN
20200330,14,潘集区政府,48,优,NaN,33,40,0.3,19,79,57,6
20200330,14,师范学院,34,优,NaN,19,34,0.3,11,92,60,7
20200330,14,谢家集区政府,48,优,NaN,33,33,0.3,17,68,45,6
20200330,14,八公山区政府,50,优,NaN,35,41,0.4,17,71,50,7
20200330,14,焦岗湖风景区管理处,49,优,NaN,34,48,0.4,23,75,47,7
20200330,14,益益乳业工业园,28,优,NaN,17,28,0.3,10,84,63,2
20200330,14,大通区政府（已停运）,NaN,,NaN,NaN,NaN,NaN,NaN,NaN,NaN,NaN
20200330,15,大通区政府,NaN,—,—,NaN,NaN,NaN,NaN,NaN,NaN,NaN
20200330,15,潘集区政府,52,良,细颗粒物(PM2.5),36,37,0.3,19,77,63,5
20200330,15,师范学院,38,优,NaN,16,38,0.2,12,93,67,7
20200330,15,谢家集区政府,42,优,NaN,29,33,0.3,16,76,52,9
20200330,15,八公山区政府,57,良,细颗粒物(PM2.5),40,NaN,0.4,16,74,55,8
20200330,15,焦岗湖风景区管理处,44,优,NaN,28,44,0.4,25,80,53,7
20200330,15,益益乳业工业园,33,优,NaN,3,33,0.3,13,84,68,2
20200330,15,大通区政府（已停运）,NaN,,NaN,NaN,NaN,NaN,NaN,NaN,NaN,NaN
20200330,16,大通区政府,NaN,—,—,NaN,NaN,NaN,NaN,NaN,NaN,NaN
20200330,16,潘集区政府,40,优,NaN,28,39,0.3,17,79,69,5
20200330,16,师范学院,26,优,NaN,4,25,0.2,21,82,73,8
20200330,16,谢家集区政府,36,优,NaN,20,36,0.3,16,77,58,8
20200330,16,八公山区政府,55,良,细颗粒物(PM2.5),39,NaN,0.4,18,78,60,16
20200330,16,焦岗湖风景区管理处,43,优,NaN,30,43,0.4,28,75,59,6
20200330,16,益益乳业工业园,29,优,NaN,10,29,0.2,14,85,74,2
20200330,16,大通区政府（已停运）,NaN,,NaN,NaN,NaN,NaN,NaN,NaN,NaN,NaN
20200330,17,大通区政府,NaN,—,—,NaN,NaN,NaN,NaN,NaN,NaN,NaN
20200330,17,潘集区政府,40,优,NaN,28,36,0.3,20,75,72,5
20200330,17,师范学院,34,优,NaN,10,34,0.2,18,85,78,7
20200330,17,谢家集区政府,28,优,NaN,19,25,0.3,18,70,63,6
20200330,17,八公山区政府,49,优,NaN,34,36,0.4,19,70,63,8
20200330,17,焦岗湖风景区管理处,46,优,NaN,32,40,0.4,36,69,63,7
20200330,17,益益乳业工业园,29,优,NaN,20,24,0.1,14,80,77,3
20200330,17,大通区政府（已停运）,NaN,,NaN,NaN,NaN,NaN,NaN,NaN,NaN,NaN
20200330,18,大通区政府,NaN,—,—,NaN,NaN,NaN,NaN,NaN,NaN,NaN
20200330,18,潘集区政府,43,优,NaN,24,43,0.3,20,74,74,5
20200330,18,师范学院,32,优,NaN,10,32,0.3,24,76,82,7
20200330,18,谢家集区政府,40,优,NaN,28,40,0.3,18,69,66,6
20200330,18,八公山区政府,43,优,NaN,30,41,0.3,20,69,66,6
20200330,18,焦岗湖风景区管理处,50,优,NaN,26,50,0.4,52,54,64,7
20200330,18,益益乳业工业园,NaN,,NaN,NaN,NaN,NaN,21,71,78,3
20200330,18,大通区政府（已停运）,NaN,,NaN,NaN,NaN,NaN,NaN,NaN,NaN,NaN
20200330,19,大通区政府,NaN,—,—,NaN,NaN,NaN,NaN,NaN,NaN,NaN
20200330,19,潘集区政府,39,优,NaN,27,37,0.3,20,71,75,5
20200330,19,师范学院,35,优,NaN,16,35,0.4,43,54,80,9
20200330,19,谢家集区政府,35,优,NaN,19,35,0.4,23,67,69,10
20200330,19,八公山区政府,31,优,NaN,19,31,0.4,20,68,69,5
20200330,19,焦岗湖风景区管理处,52,良,颗粒物(PM10),30,53,0.4,62,45,64,7
20200330,19,益益乳业工业园,31,优,NaN,21,31,0.2,14,73,80,4
20200330,19,大通区政府（已停运）,NaN,,NaN,NaN,NaN,NaN,NaN,NaN,NaN,NaN
20200330,20,大通区政府,NaN,—,—,NaN,NaN,NaN,NaN,NaN,NaN,NaN
20200330,20,潘集区政府,50,优,NaN,33,50,0.3,20,66,74,6
20200330,20,师范学院,32,优,NaN,22,32,0.4,41,52,78,9
20200330,20,谢家集区政府,40,优,NaN,28,34,0.4,23,62,70,8
20200330,20,八公山区政府,38,优,NaN,26,32,0.4,27,60,69,8
20200330,20,焦岗湖风景区管理处,50,优,NaN,28,50,0.4,75,29,61,7
20200330,20,益益乳业工业园,38,优,NaN,26,NaN,0.1,22,61,78,6
20200330,20,大通区政府（已停运）,NaN,,NaN,NaN,NaN,NaN,NaN,NaN,NaN,NaN
20200330,21,大通区政府,NaN,—,—,NaN,NaN,NaN,NaN,NaN,NaN,NaN
20200330,21,潘集区政府,55,良,细颗粒物(PM2.5),39,42,0.4,25,56,72,5
20200330,21,师范学院,30,优,NaN,15,30,0.4,36,51,73,11
20200330,21,谢家集区政府,45,优,NaN,31,38,0.4,23,59,68,8
20200330,21,八公山区政府,42,优,NaN,29,40,0.4,24,57,68,13
20200330,21,焦岗湖风景区管理处,44,优,NaN,25,44,0.4,85,20,56,6
20200330,21,益益乳业工业园,37,优,NaN,22,37,0.2,28,47,73,7
20200330,21,大通区政府（已停运）,NaN,,NaN,NaN,NaN,NaN,NaN,NaN,NaN,NaN
20200330,22,大通区政府,NaN,—,—,NaN,NaN,NaN,NaN,NaN,NaN,NaN
20200330,22,潘集区政府,69,良,细颗粒物(PM2.5),50,56,0.3,35,44,68,6
20200330,22,师范学院,39,优,NaN,27,37,0.4,38,48,68,11
20200330,22,谢家集区政府,38,优,NaN,26,35,0.4,24,57,67,9
20200330,22,八公山区政府,50,优,NaN,35,40,0.4,25,48,66,6
20200330,22,焦岗湖风景区管理处,51,良,颗粒物(PM10),30,51,0.4,85,19,49,8
20200330,22,益益乳业工业园,37,优,NaN,19,37,0.2,53,29,66,8
20200330,22,大通区政府（已停运）,NaN,,NaN,NaN,NaN,NaN,NaN,NaN,NaN,NaN
20200330,23,大通区政府,NaN,—,—,NaN,NaN,NaN,NaN,NaN,NaN,NaN
20200330,23,潘集区政府,68,良,细颗粒物(PM2.5),49,71,0.4,38,38,63,7
20200330,23,师范学院,51,良,颗粒物(PM10),26,51,0.3,27,60,64,9
20200330,23,谢家集区政府,NaN,,NaN,NaN,NaN,0.4,28,51,64,10
20200330,23,八公山区政府,38,优,NaN,24,38,0.4,22,39,61,7
20200330,23,焦岗湖风景区管理处,47,优,NaN,23,47,0.4,87,15,41,7
20200330,23,益益乳业工业园,37,优,NaN,22,37,0.2,42,41,61,7
20200330,23,大通区政府（已停运）,NaN,,NaN,NaN,NaN,NaN,NaN,NaN,NaN,NaN
20200331,00,大通区政府,NaN,—,—,NaN,NaN,NaN,NaN,NaN,NaN,NaN
20200331,00,潘集区政府,74,良,细颗粒物(PM2.5),54,85,0.3,23,51,59,6
20200331,00,师范学院,52,良,细颗粒物(PM2.5),36,37,0.4,26,61,61,8
20200331,00,谢家集区政府,40,优,NaN,28,35,0.4,24,49,60,6
20200331,00,八公山区政府,48,优,NaN,33,34,0.4,17,42,57,5
20200331,00,焦岗湖风景区管理处,55,良,颗粒物(PM10),24,60,0.4,77,19,34,7
20200331,00,益益乳业工业园,52,良,颗粒物(PM10),28,54,0.2,36,39,55,7
20200331,00,大通区政府（已停运）,NaN,,NaN,NaN,NaN,NaN,NaN,NaN,NaN,NaN
20200331,01,大通区政府,NaN,—,—,NaN,NaN,NaN,NaN,NaN,NaN,NaN
20200331,01,潘集区政府,64,良,细颗粒物(PM2.5),46,59,0.3,21,47,47,5
20200331,01,师范学院,43,优,NaN,30,42,0.4,26,56,56,8
20200331,01,谢家集区政府,44,优,NaN,29,44,0.4,28,35,35,6
20200331,01,八公山区政府,46,优,NaN,32,40,0.4,27,29,29,6
20200331,01,焦岗湖风景区管理处,49,优,NaN,25,49,0.4,78,11,11,7
20200331,01,益益乳业工业园,52,良,细颗粒物(PM2.5),36,45,0.2,52,25,25,5
20200331,01,大通区政府（已停运）,NaN,,NaN,NaN,NaN,NaN,NaN,NaN,NaN,NaN
20200331,02,大通区政府,NaN,—,—,NaN,NaN,NaN,NaN,NaN,NaN,NaN
20200331,02,潘集区政府,67,良,细颗粒物(PM2.5),48,55,0.3,20,46,46,5
20200331,02,师范学院,53,良,颗粒物(PM10),32,56,0.4,24,48,52,8
20200331,02,谢家集区政府,49,优,NaN,34,36,0.4,30,27,31,8
20200331,02,八公山区政府,53,良,细颗粒物(PM2.5),37,42,0.4,25,29,29,6
20200331,02,焦岗湖风景区管理处,55,良,颗粒物(PM10),28,59,0.4,72,17,14,7
20200331,02,益益乳业工业园,52,良,颗粒物(PM10),32,54,0.2,45,27,26,3
20200331,02,大通区政府（已停运）,NaN,,NaN,NaN,NaN,NaN,NaN,NaN,NaN,NaN
20200331,03,大通区政府,NaN,—,—,NaN,NaN,NaN,NaN,NaN,NaN,NaN
20200331,03,潘集区政府,59,良,细颗粒物(PM2.5),42,56,0.3,25,37,43,5
20200331,03,师范学院,60,良,细颗粒物(PM2.5),43,NaN,0.4,33,23,42,9
20200331,03,谢家集区政府,57,良,颗粒物(PM10),35,64,0.4,30,26,29,12
20200331,03,八公山区政府,58,良,细颗粒物(PM2.5),41,59,0.4,26,28,29,6
20200331,03,焦岗湖风景区管理处,55,良,颗粒物(PM10),30,59,0.3,72,16,15,7
20200331,03,益益乳业工业园,56,良,颗粒物(PM10),30,62,0.3,33,29,27,4
20200331,03,大通区政府（已停运）,NaN,,NaN,NaN,NaN,NaN,NaN,NaN,NaN,NaN
20200331,04,大通区政府,NaN,—,—,NaN,NaN,NaN,NaN,NaN,NaN,NaN
20200331,04,潘集区政府,69,良,细颗粒物(PM2.5),50,61,0.3,34,24,38,7
20200331,04,师范学院,60,良,细颗粒物(PM2.5),43,63,0.4,21,35,40,9
20200331,04,谢家集区政府,57,良,颗粒物(PM10),34,64,0.5,28,24,28,16
20200331,04,八公山区政府,73,良,细颗粒物(PM2.5),53,65,0.4,22,28,28,7
20200331,04,焦岗湖风景区管理处,58,良,细颗粒物(PM2.5),41,51,0.3,60,25,17,7
20200331,04,益益乳业工业园,52,良,细颗粒物(PM2.5),36,49,0.2,25,42,31,3
20200331,04,大通区政府（已停运）,NaN,,NaN,NaN,NaN,NaN,NaN,NaN,NaN,NaN
20200331,05,大通区政府,NaN,—,—,NaN,NaN,NaN,NaN,NaN,NaN,NaN
20200331,05,潘集区政府,67,良,细颗粒物(PM2.5),48,70,0.4,36,18,34,11
20200331,05,师范学院,77,良,细颗粒物(PM2.5),56,56,0.4,20,49,42,9
20200331,05,谢家集区政府,67,良,细颗粒物(PM2.5),48,64,0.4,27,22,27,9
20200331,05,八公山区政府,60,良,细颗粒物(PM2.5),43,57,0.4,24,26,28,9
20200331,05,焦岗湖风景区管理处,49,优,NaN,33,49,0.4,60,22,18,7
20200331,05,益益乳业工业园,53,良,细颗粒物(PM2.5),37,54,0.3,21,46,34,3
20200331,05,大通区政府（已停运）,NaN,,NaN,NaN,NaN,NaN,NaN,NaN,NaN,NaN
20200331,06,大通区政府,NaN,—,—,NaN,NaN,NaN,NaN,NaN,NaN,NaN
20200331,06,潘集区政府,73,良,细颗粒物(PM2.5),53,69,0.4,28,24,33,8
20200331,06,师范学院,67,良,细颗粒物(PM2.5),48,59,0.4,18,58,45,9
20200331,06,谢家集区政府,68,良,细颗粒物(PM2.5),49,80,0.4,26,32,28,8
20200331,06,八公山区政府,64,良,细颗粒物(PM2.5),46,57,0.5,22,38,30,11
20200331,06,焦岗湖风景区管理处,54,良,颗粒物(PM10),30,58,0.4,69,12,17,6
20200331,06,益益乳业工业园,46,优,NaN,26,46,0.2,22,45,36,4
20200331,06,大通区政府（已停运）,NaN,,NaN,NaN,NaN,NaN,NaN,NaN,NaN,NaN
20200331,07,大通区政府,NaN,—,—,NaN,NaN,NaN,NaN,NaN,NaN,NaN
20200331,07,潘集区政府,69,良,细颗粒物(PM2.5),50,80,0.4,24,38,33,10
20200331,07,师范学院,53,良,颗粒物(PM10),25,56,0.5,40,31,43,10
20200331,07,谢家集区政府,68,良,细颗粒物(PM2.5),49,72,0.5,30,34,29,8
20200331,07,八公山区政府,70,良,细颗粒物(PM2.5),51,63,0.5,32,37,31,9
20200331,07,焦岗湖风景区管理处,55,良,颗粒物(PM10),33,60,0.4,75,6,16,6
20200331,07,益益乳业工业园,52,良,颗粒物(PM10),27,53,0.2,23,42,37,5
20200331,07,大通区政府（已停运）,NaN,,NaN,NaN,NaN,NaN,NaN,NaN,NaN,NaN
20200331,08,大通区政府,NaN,—,—,NaN,NaN,NaN,NaN,NaN,NaN,NaN
20200331,08,潘集区政府,77,良,细颗粒物(PM2.5),56,85,0.4,38,23,32,9
20200331,08,师范学院,55,良,"
                      颗粒物(PM10)
                      
                      细颗粒物(PM2.5)
                      
",39,60,0.5,48,24,40,12
20200331,08,谢家集区政府,59,良,细颗粒物(PM2.5),42,62,0.4,35,32,29,8
20200331,08,八公山区政府,65,良,细颗粒物(PM2.5),47,52,0.5,37,36,31,17
20200331,08,焦岗湖风景区管理处,61,良,颗粒物(PM10),39,71,0.5,75,6,14,6
20200331,08,益益乳业工业园,45,优,NaN,31,42,0.2,25,49,38,6
20200331,08,大通区政府（已停运）,NaN,,NaN,NaN,NaN,NaN,NaN,NaN,NaN,NaN
20200331,09,大通区政府,NaN,—,—,NaN,NaN,NaN,NaN,NaN,NaN,NaN
20200331,09,潘集区政府,79,良,细颗粒物(PM2.5),58,80,0.4,48,21,29,8
20200331,09,师范学院,67,良,细颗粒物(PM2.5),48,70,0.5,37,35,38,12
20200331,09,谢家集区政府,64,良,细颗粒物(PM2.5),46,69,0.4,33,30,28,9
20200331,09,八公山区政府,70,良,细颗粒物(PM2.5),51,59,0.5,39,32,32,8
20200331,09,焦岗湖风景区管理处,65,良,细颗粒物(PM2.5),47,78,0.5,56,34,17,7
20200331,09,益益乳业工业园,48,优,NaN,27,48,0.2,25,43,40,7
20200331,09,大通区政府（已停运）,NaN,,NaN,NaN,NaN,NaN,NaN,NaN,NaN,NaN
20200331,10,大通区政府,NaN,—,—,NaN,NaN,NaN,NaN,NaN,NaN,NaN
20200331,10,潘集区政府,74,良,细颗粒物(PM2.5),54,70,0.4,40,27,26,12
20200331,10,师范学院,58,良,颗粒物(PM10),35,66,0.4,32,34,36,NaN
20200331,10,谢家集区政府,59,良,颗粒物(PM10),40,68,0.5,36,24,28,10
20200331,10,八公山区政府,63,良,细颗粒物(PM2.5),45,63,0.5,43,30,32,7
20200331,10,焦岗湖风景区管理处,61,良,颗粒物(PM10),37,71,0.4,50,38,20,7
20200331,10,益益乳业工业园,49,优,NaN,34,44,0.3,25,36,42,5
20200331,10,大通区政府（已停运）,NaN,,NaN,NaN,NaN,NaN,NaN,NaN,NaN,NaN
20200331,11,大通区政府,NaN,—,—,NaN,NaN,NaN,NaN,NaN,NaN,NaN
20200331,11,潘集区政府,72,良,细颗粒物(PM2.5),52,71,0.4,32,34,26,6
20200331,11,师范学院,NaN,,NaN,NaN,NaN,NaN,24,38,38,10
20200331,11,谢家集区政府,59,良,颗粒物(PM10),36,68,0.5,41,17,27,11
20200331,11,八公山区政府,65,良,细颗粒物(PM2.5),47,57,0.6,39,32,32,9
20200331,11,焦岗湖风景区管理处,58,良,颗粒物(PM10),33,66,0.4,48,40,23,7
20200331,11,益益乳业工业园,59,良,细颗粒物(PM2.5),42,64,0.4,30,30,42,7
20200331,11,大通区政府（已停运）,NaN,,NaN,NaN,NaN,NaN,NaN,NaN,NaN,NaN
20200331,12,大通区政府,NaN,—,—,NaN,NaN,NaN,NaN,NaN,NaN,NaN
20200331,12,潘集区政府,79,良,细颗粒物(PM2.5),58,64,0.5,26,38,28,5
20200331,12,师范学院,68,良,细颗粒物(PM2.5),49,80,0.6,28,NaN,38,10
20200331,12,谢家集区政府,64,良,细颗粒物(PM2.5),46,76,0.6,36,19,26,8
20200331,12,八公山区政府,68,良,细颗粒物(PM2.5),49,65,0.7,38,28,32,13
20200331,12,焦岗湖风景区管理处,60,良,颗粒物(PM10),38,69,0.4,49,38,24,8
20200331,12,益益乳业工业园,68,良,细颗粒物(PM2.5),49,76,0.4,26,36,41,4
20200331,12,大通区政府（已停运）,NaN,,NaN,NaN,NaN,NaN,NaN,NaN,NaN,NaN
20200331,13,大通区政府,NaN,—,—,NaN,NaN,NaN,NaN,NaN,NaN,NaN
20200331,13,潘集区政府,74,良,细颗粒物(PM2.5),54,75,0.5,26,36,30,5
20200331,13,师范学院,67,良,颗粒物(PM10),45,83,0.7,28,36,37,9
20200331,13,谢家集区政府,75,良,细颗粒物(PM2.5),55,72,0.5,26,27,27,7
20200331,13,八公山区政府,69,良,细颗粒物(PM2.5),50,64,0.6,27,36,34,8
20200331,13,焦岗湖风景区管理处,64,良,"
                      颗粒物(PM10)
                      
                      细颗粒物(PM2.5)
                      
",46,77,0.5,50,35,26,7
20200331,13,益益乳业工业园,73,良,细颗粒物(PM2.5),53,63,0.5,22,41,40,3
20200331,13,大通区政府（已停运）,NaN,,NaN,NaN,NaN,NaN,NaN,NaN,NaN,NaN
20200331,14,大通区政府,NaN,—,—,NaN,NaN,NaN,NaN,NaN,NaN,NaN
20200331,14,潘集区政府,80,良,细颗粒物(PM2.5),59,79,0.6,28,36,32,5
20200331,14,师范学院,67,良,细颗粒物(PM2.5),48,81,0.8,30,29,32,8
20200331,14,谢家集区政府,79,良,细颗粒物(PM2.5),58,76,0.6,29,25,26,7
20200331,14,八公山区政府,75,良,细颗粒物(PM2.5),55,61,0.6,35,28,32,5
20200331,14,焦岗湖风景区管理处,61,良,颗粒物(PM10),36,72,0.5,62,28,28,7
20200331,14,益益乳业工业园,79,良,细颗粒物(PM2.5),58,75,0.6,28,37,39,5
20200331,14,大通区政府（已停运）,NaN,,NaN,NaN,NaN,NaN,NaN,NaN,NaN,NaN
20200331,15,大通区政府,NaN,—,—,NaN,NaN,NaN,NaN,NaN,NaN,NaN
20200331,15,潘集区政府,83,良,细颗粒物(PM2.5),61,75,0.6,33,30,31,6
20200331,15,师范学院,75,良,细颗粒物(PM2.5),55,81,0.8,36,23,31,9
20200331,15,谢家集区政府,80,良,细颗粒物(PM2.5),59,79,0.7,37,14,24,10
20200331,15,八公山区政府,77,良,细颗粒物(PM2.5),56,75,0.7,37,25,31,5
20200331,15,焦岗湖风景区管理处,62,良,细颗粒物(PM2.5),44,70,0.5,65,22,30,8
20200331,15,益益乳业工业园,77,良,细颗粒物(PM2.5),56,75,0.5,32,35,38,3
20200331,15,大通区政府（已停运）,NaN,,NaN,NaN,NaN,NaN,NaN,NaN,NaN,NaN
20200331,16,大通区政府,NaN,—,—,NaN,NaN,NaN,NaN,NaN,NaN,NaN
20200331,16,潘集区政府,82,良,细颗粒物(PM2.5),60,82,0.6,32,29,31,7
20200331,16,师范学院,75,良,细颗粒物(PM2.5),55,67,0.7,31,22,31,8
20200331,16,谢家集区政府,74,良,细颗粒物(PM2.5),54,72,0.7,39,12,21,10
20200331,16,八公山区政府,73,良,细颗粒物(PM2.5),53,63,0.7,37,22,29,5
20200331,16,焦岗湖风景区管理处,70,良,细颗粒物(PM2.5),51,68,0.6,45,21,32,7
20200331,16,益益乳业工业园,62,良,细颗粒物(PM2.5),44,59,0.4,30,36,37,3
20200331,16,大通区政府（已停运）,NaN,,NaN,NaN,NaN,NaN,NaN,NaN,NaN,NaN
20200331,17,大通区政府,NaN,—,—,NaN,NaN,NaN,NaN,NaN,NaN,NaN
20200331,17,潘集区政府,75,良,细颗粒物(PM2.5),55,74,0.6,36,30,32,5
20200331,17,师范学院,68,良,细颗粒物(PM2.5),49,74,0.7,36,20,29,8
20200331,17,谢家集区政府,77,良,细颗粒物(PM2.5),56,57,0.7,36,13,19,9
20200331,17,八公山区政府,79,良,细颗粒物(PM2.5),58,NaN,0.6,36,20,28,6
20200331,17,焦岗湖风景区管理处,60,良,"
                      颗粒物(PM10)
                      
                      细颗粒物(PM2.5)
                      
",43,69,0.6,37,21,30,6
20200331,17,益益乳业工业园,65,良,细颗粒物(PM2.5),47,51,0.4,30,34,36,4
20200331,17,大通区政府（已停运）,NaN,,NaN,NaN,NaN,NaN,NaN,NaN,NaN,NaN
20200331,18,大通区政府,NaN,—,—,NaN,NaN,NaN,NaN,NaN,NaN,NaN
20200331,18,潘集区政府,92,良,细颗粒物(PM2.5),68,77,0.6,47,20,32,5
20200331,18,师范学院,55,良,颗粒物(PM10),31,59,0.8,39,22,27,8
20200331,18,谢家集区政府,55,良,细颗粒物(PM2.5),39,48,0.6,36,16,18,7
20200331,18,八公山区政府,NaN,,NaN,NaN,NaN,0.7,42,18,26,6
20200331,18,焦岗湖风景区管理处,53,良,细颗粒物(PM2.5),37,50,0.6,50,12,27,21
20200331,18,益益乳业工业园,64,良,细颗粒物(PM2.5),46,NaN,0.5,31,37,36,4
20200331,18,大通区政府（已停运）,NaN,,NaN,NaN,NaN,NaN,NaN,NaN,NaN,NaN
20200331,19,大通区政府,NaN,—,—,NaN,NaN,NaN,NaN,NaN,NaN,NaN
20200331,19,潘集区政府,83,良,细颗粒物(PM2.5),61,78,0.6,55,16,29,6
20200331,19,师范学院,58,良,"
                      颗粒物(PM10)
                      
                      细颗粒物(PM2.5)
                      
",41,65,0.8,45,20,25,8
20200331,19,谢家集区政府,62,良,细颗粒物(PM2.5),44,53,0.6,36,17,18,6
20200331,19,八公山区政府,70,良,细颗粒物(PM2.5),51,52,0.7,38,28,26,6
20200331,19,焦岗湖风景区管理处,45,优,NaN,NaN,45,0.7,48,8,23,7
20200331,19,益益乳业工业园,50,优,NaN,34,50,0.5,34,32,36,4
20200331,19,大通区政府（已停运）,NaN,,NaN,NaN,NaN,NaN,NaN,NaN,NaN,NaN
20200331,20,大通区政府,NaN,—,—,NaN,NaN,NaN,NaN,NaN,NaN,NaN
20200331,20,潘集区政府,85,良,细颗粒物(PM2.5),63,67,0.6,56,15,26,5
20200331,20,师范学院,55,良,细颗粒物(PM2.5),39,50,0.8,46,18,24,9
20200331,20,谢家集区政府,57,良,细颗粒物(PM2.5),40,46,0.6,31,24,18,5
20200331,20,八公山区政府,57,良,细颗粒物(PM2.5),40,47,0.7,42,22,25,11
20200331,20,焦岗湖风景区管理处,52,良,细颗粒物(PM2.5),36,50,0.7,51,5,19,6
20200331,20,益益乳业工业园,64,良,细颗粒物(PM2.5),46,NaN,NaN,38,28,35,5
20200331,20,大通区政府（已停运）,NaN,,NaN,NaN,NaN,NaN,NaN,NaN,NaN,NaN
20200331,22,大通区政府,NaN,—,—,NaN,NaN,NaN,NaN,NaN,NaN,NaN
20200331,22,潘集区政府,75,良,细颗粒物(PM2.5),55,60,0.6,43,25,23,7
20200331,22,师范学院,54,良,颗粒物(PM10),31,57,0.7,37,27,22,8
20200331,22,谢家集区政府,54,良,细颗粒物(PM2.5),38,38,0.6,36,15,16,7
20200331,22,八公山区政府,63,良,细颗粒物(PM2.5),45,NaN,0.8,33,23,23,6
20200331,22,焦岗湖风景区管理处,38,优,NaN,24,38,0.7,44,6,12,7
20200331,22,益益乳业工业园,52,良,细颗粒物(PM2.5),36,46,0.6,42,27,31,3
20200331,22,大通区政府（已停运）,NaN,,NaN,NaN,NaN,NaN,NaN,NaN,NaN,NaN
20200331,22,大通区政府,NaN,—,—,NaN,NaN,NaN,NaN,NaN,NaN,NaN
20200331,22,潘集区政府,75,良,细颗粒物(PM2.5),55,60,0.6,43,25,23,7
20200331,22,师范学院,54,良,颗粒物(PM10),31,57,0.7,37,27,22,8
20200331,22,谢家集区政府,54,良,细颗粒物(PM2.5),38,38,0.6,36,15,16,7
20200331,22,八公山区政府,63,良,细颗粒物(PM2.5),45,NaN,0.8,33,23,23,6
20200331,22,焦岗湖风景区管理处,38,优,NaN,24,38,0.7,44,6,12,7
20200331,22,益益乳业工业园,52,良,细颗粒物(PM2.5),36,46,0.6,42,27,31,3
20200331,22,大通区政府（已停运）,NaN,,NaN,NaN,NaN,NaN,NaN,NaN,NaN,NaN
20200331,23,大通区政府,NaN,—,—,NaN,NaN,NaN,NaN,NaN,NaN,NaN
20200331,23,潘集区政府,69,良,细颗粒物(PM2.5),50,59,0.5,36,31,23,7
20200331,23,师范学院,51,良,颗粒物(PM10),33,52,0.7,32,27,22,8
20200331,23,谢家集区政府,53,良,细颗粒物(PM2.5),37,42,0.6,39,14,16,8
20200331,23,八公山区政府,73,良,细颗粒物(PM2.5),53,NaN,0.7,29,22,22,7
20200331,23,焦岗湖风景区管理处,54,良,细颗粒物(PM2.5),38,44,0.7,37,6,10,12
20200331,23,益益乳业工业园,54,良,细颗粒物(PM2.5),38,NaN,0.6,30,37,32,2
20200331,23,大通区政府（已停运）,NaN,,NaN,NaN,NaN,NaN,NaN,NaN,NaN,NaN
20200401,00,大通区政府,NaN,—,—,NaN,NaN,NaN,NaN,NaN,NaN,NaN
20200401,00,潘集区政府,65,良,细颗粒物(PM2.5),47,48,0.4,29,38,24,6
20200401,00,师范学院,48,优,NaN,33,47,0.5,26,30,23,8
20200401,00,谢家集区政府,58,良,细颗粒物(PM2.5),41,NaN,0.7,32,13,17,9
20200401,00,八公山区政府,54,良,细颗粒物(PM2.5),38,NaN,0.7,39,15,22,9
20200401,00,焦岗湖风景区管理处,50,优,NaN,34,50,0.6,24,15,10,11
20200401,00,益益乳业工业园,38,优,NaN,26,34,0.6,27,34,31,5
20200401,00,大通区政府（已停运）,NaN,,NaN,NaN,NaN,NaN,NaN,NaN,NaN,NaN
20200401,01,大通区政府,NaN,—,—,NaN,NaN,NaN,NaN,NaN,NaN,NaN
20200401,01,潘集区政府,58,良,细颗粒物(PM2.5),41,44,0.5,26,36,36,6
20200401,01,师范学院,50,优,NaN,26,50,0.5,32,24,24,8
20200401,01,谢家集区政府,58,良,细颗粒物(PM2.5),41,49,0.6,32,16,16,8
20200401,01,八公山区政府,60,良,细颗粒物(PM2.5),43,NaN,0.7,31,26,26,12
20200401,01,焦岗湖风景区管理处,55,良,颗粒物(PM10),27,59,0.6,29,9,9,9
20200401,01,益益乳业工业园,43,优,NaN,30,40,0.5,26,32,32,5
20200401,01,大通区政府（已停运）,NaN,,NaN,NaN,NaN,NaN,NaN,NaN,NaN,NaN
20200401,02,大通区政府,NaN,—,—,NaN,NaN,NaN,NaN,NaN,NaN,NaN
20200401,02,潘集区政府,62,良,细颗粒物(PM2.5),44,58,0.4,28,28,32,5
20200401,02,师范学院,48,优,NaN,28,48,0.6,37,14,19,9
20200401,02,谢家集区政府,60,良,细颗粒物(PM2.5),43,55,0.5,32,19,18,7
20200401,02,八公山区政府,68,良,细颗粒物(PM2.5),49,NaN,0.6,27,31,28,9
20200401,02,焦岗湖风景区管理处,49,优,NaN,34,45,0.7,41,1,5,7
20200401,02,益益乳业工业园,50,优,NaN,35,46,0.5,26,28,30,5
20200401,02,大通区政府（已停运）,NaN,,NaN,NaN,NaN,NaN,NaN,NaN,NaN,NaN
20200401,07,大通区政府,NaN,—,—,NaN,NaN,NaN,NaN,NaN,NaN,NaN
20200401,07,潘集区政府,59,良,细颗粒物(PM2.5),42,47,0.5,29,24,30,5
20200401,07,师范学院,79,良,细颗粒物(PM2.5),58,72,0.6,29,16,17,7
20200401,07,谢家集区政府,65,良,细颗粒物(PM2.5),47,63,0.7,29,14,18,14
20200401,07,八公山区政府,69,良,细颗粒物(PM2.5),50,55,0.6,25,25,26,6
20200401,07,焦岗湖风景区管理处,53,良,细颗粒物(PM2.5),37,47,0.6,17,17,11,7
20200401,07,益益乳业工业园,62,良,细颗粒物(PM2.5),44,55,0.6,39,15,25,6
20200401,07,大通区政府（已停运）,NaN,,NaN,NaN,NaN,NaN,NaN,NaN,NaN,NaN
20200401,08,大通区政府,NaN,—,—,NaN,NaN,NaN,NaN,NaN,NaN,NaN
20200401,08,潘集区政府,57,良,细颗粒物(PM2.5),40,48,0.5,31,25,29,6
20200401,08,师范学院,64,良,细颗粒物(PM2.5),46,68,0.6,29,16,17,8
20200401,08,谢家集区政府,67,良,细颗粒物(PM2.5),48,72,0.5,25,21,18,12
20200401,08,八公山区政府,58,良,细颗粒物(PM2.5),41,43,0.7,23,31,26,10
20200401,08,焦岗湖风景区管理处,45,优,NaN,29,45,0.6,7,27,13,7
20200401,08,益益乳业工业园,69,良,细颗粒物(PM2.5),50,55,0.5,30,24,25,6
20200401,08,大通区政府（已停运）,NaN,,NaN,NaN,NaN,NaN,NaN,NaN,NaN,NaN
20200401,09,大通区政府,NaN,—,—,NaN,NaN,NaN,NaN,NaN,NaN,NaN
20200401,09,潘集区政府,60,良,细颗粒物(PM2.5),43,58,0.4,26,45,30,5
20200401,09,师范学院,85,良,细颗粒物(PM2.5),63,66,0.6,28,21,17,12
20200401,09,谢家集区政府,70,良,细颗粒物(PM2.5),51,65,0.5,20,35,20,8
20200401,09,八公山区政府,74,良,细颗粒物(PM2.5),54,NaN,0.6,22,42,28,12
20200401,09,焦岗湖风景区管理处,43,优,NaN,30,43,0.6,5,49,18,8
20200401,09,益益乳业工业园,70,良,细颗粒物(PM2.5),51,64,0.5,26,35,26,10
20200401,09,大通区政府（已停运）,NaN,,NaN,NaN,NaN,NaN,NaN,NaN,NaN,NaN
20200401,10,大通区政府,NaN,—,—,NaN,NaN,NaN,NaN,NaN,NaN,NaN
20200401,10,潘集区政府,60,良,细颗粒物(PM2.5),43,NaN,0.4,18,69,35,5
20200401,10,师范学院,74,良,细颗粒物(PM2.5),54,77,0.5,23,42,20,10
20200401,10,谢家集区政府,62,良,细颗粒物(PM2.5),44,65,0.4,16,55,25,7
20200401,10,八公山区政府,68,良,细颗粒物(PM2.5),49,54,0.6,16,52,31,5
20200401,10,焦岗湖风景区管理处,48,优,NaN,33,39,0.5,5,56,24,8
20200401,10,益益乳业工业园,80,良,细颗粒物(PM2.5),59,63,0.5,17,60,30,6
20200401,10,大通区政府（已停运）,NaN,,NaN,NaN,NaN,NaN,NaN,NaN,NaN,NaN
20200401,11,大通区政府,NaN,—,—,NaN,NaN,NaN,NaN,NaN,NaN,NaN
20200401,11,潘集区政府,52,良,细颗粒物(PM2.5),36,NaN,0.4,17,77,42,5
20200401,11,师范学院,59,良,颗粒物(PM10),33,67,0.4,16,66,26,9
20200401,11,谢家集区政府,62,良,细颗粒物(PM2.5),44,55,0.5,NaN,72,30,NaN
20200401,11,八公山区政府,55,良,颗粒物(PM10),38,59,0.6,17,62,35,10
20200401,11,焦岗湖风景区管理处,33,优,NaN,22,33,0.5,6,62,31,7
20200401,11,益益乳业工业园,55,良,细颗粒物(PM2.5),39,46,0.5,16,64,34,6
20200401,11,大通区政府（已停运）,NaN,,NaN,NaN,NaN,NaN,NaN,NaN,NaN,NaN
20200401,12,大通区政府,NaN,—,—,NaN,NaN,NaN,NaN,NaN,NaN,NaN
20200401,12,潘集区政府,48,优,NaN,33,37,0.3,16,83,48,6
20200401,12,师范学院,50,优,NaN,27,50,0.4,18,69,34,8
20200401,12,谢家集区政府,NaN,,NaN,NaN,NaN,NaN,16,NaN,32,7
20200401,12,八公山区政府,43,优,NaN,30,43,0.5,19,66,40,8
20200401,12,焦岗湖风景区管理处,36,优,NaN,25,27,0.5,5,68,39,8
20200401,12,益益乳业工业园,43,优,NaN,30,39,0.4,17,64,39,5
20200401,12,大通区政府（已停运）,NaN,,NaN,NaN,NaN,NaN,NaN,NaN,NaN,NaN
20200401,13,大通区政府,NaN,—,—,NaN,NaN,NaN,NaN,NaN,NaN,NaN
20200401,13,潘集区政府,38,优,NaN,26,29,0.3,16,88,56,4
20200401,13,师范学院,43,优,NaN,20,43,0.4,21,69,39,9
20200401,13,谢家集区政府,NaN,,NaN,NaN,NaN,0.4,18,71,40,6
20200401,13,八公山区政府,43,优,NaN,30,36,0.5,14,73,47,5
20200401,13,焦岗湖风景区管理处,25,优,NaN,16,25,0.5,6,75,47,8
20200401,13,益益乳业工业园,50,优,NaN,35,44,0.4,16,69,44,4
20200401,13,大通区政府（已停运）,NaN,,NaN,NaN,NaN,NaN,NaN,NaN,NaN,NaN
20200401,14,大通区政府,NaN,—,—,NaN,NaN,NaN,NaN,NaN,NaN,NaN
20200401,14,潘集区政府,35,优,NaN,24,34,0.3,16,94,63,5
20200401,14,师范学院,55,良,颗粒物(PM10),33,60,0.4,22,77,47,9
20200401,14,谢家集区政府,54,良,颗粒物(PM10),36,57,NaN,19,70,48,5
20200401,14,八公山区政府,52,良,细颗粒物(PM2.5),36,NaN,0.5,17,75,53,10
20200401,14,焦岗湖风景区管理处,33,优,NaN,23,28,0.5,5,74,54,8
20200401,14,益益乳业工业园,49,优,NaN,28,49,0.4,14,80,51,3
20200401,14,大通区政府（已停运）,NaN,,NaN,NaN,NaN,NaN,NaN,NaN,NaN,NaN
20200401,16,大通区政府,NaN,—,—,NaN,NaN,NaN,NaN,NaN,NaN,NaN
20200401,16,潘集区政府,70,良,细颗粒物(PM2.5),51,55,NaN,17,89,80,8
20200401,16,师范学院,59,良,颗粒物(PM10),35,68,0.5,28,77,62,10
20200401,16,谢家集区政府,60,良,细颗粒物(PM2.5),43,57,0.4,23,71,64,9
20200401,16,八公山区政府,64,良,细颗粒物(PM2.5),46,53,0.5,30,69,64,7
20200401,16,焦岗湖风景区管理处,40,优,NaN,28,38,0.5,3,73,66,7
20200401,16,益益乳业工业园,68,良,细颗粒物(PM2.5),49,NaN,0.5,27,62,64,6
20200401,16,大通区政府（已停运）,NaN,,NaN,NaN,NaN,NaN,NaN,NaN,NaN,NaN
20200401,16,大通区政府,NaN,—,—,NaN,NaN,NaN,NaN,NaN,NaN,NaN
20200401,16,潘集区政府,70,良,细颗粒物(PM2.5),51,55,NaN,17,89,80,8
20200401,16,师范学院,59,良,颗粒物(PM10),35,68,0.5,28,77,62,10
20200401,16,谢家集区政府,60,良,细颗粒物(PM2.5),43,57,0.4,23,71,64,9
20200401,16,八公山区政府,64,良,细颗粒物(PM2.5),46,53,0.5,30,69,64,7
20200401,16,焦岗湖风景区管理处,40,优,NaN,28,38,0.5,3,73,66,7
20200401,16,益益乳业工业园,68,良,细颗粒物(PM2.5),49,NaN,0.5,27,62,64,6
20200401,16,大通区政府（已停运）,NaN,,NaN,NaN,NaN,NaN,NaN,NaN,NaN,NaN
20200401,17,大通区政府,NaN,—,—,NaN,NaN,NaN,NaN,NaN,NaN,NaN
20200401,17,潘集区政府,79,良,细颗粒物(PM2.5),58,69,0.6,21,83,85,7
20200401,17,师范学院,70,良,细颗粒物(PM2.5),51,65,0.5,26,75,69,10
20200401,17,谢家集区政府,59,良,细颗粒物(PM2.5),42,58,0.4,26,60,67,5
20200401,17,八公山区政府,70,良,细颗粒物(PM2.5),51,58,0.5,30,67,67,5
20200401,17,焦岗湖风景区管理处,39,优,NaN,19,39,0.5,10,72,69,7
20200401,17,益益乳业工业园,59,良,细颗粒物(PM2.5),42,58,0.5,30,59,67,5
20200401,17,大通区政府（已停运）,NaN,,NaN,NaN,NaN,NaN,NaN,NaN,NaN,NaN
20200401,18,大通区政府,NaN,—,—,NaN,NaN,NaN,NaN,NaN,NaN,NaN
20200401,18,潘集区政府,NaN,,NaN,NaN,NaN,0.6,26,NaN,87,8
20200401,18,师范学院,67,良,细颗粒物(PM2.5),48,65,0.5,28,68,72,8
20200401,18,谢家集区政府,57,良,颗粒物(PM10),37,63,0.4,28,56,68,5
20200401,18,八公山区政府,57,良,细颗粒物(PM2.5),40,60,0.5,30,64,68,6
20200401,18,焦岗湖风景区管理处,50,优,NaN,35,NaN,0.5,25,69,71,6
20200401,18,益益乳业工业园,65,良,细颗粒物(PM2.5),47,70,0.5,31,53,66,3
20200401,18,大通区政府（已停运）,NaN,,NaN,NaN,NaN,NaN,NaN,NaN,NaN,NaN
20200401,19,大通区政府,NaN,—,—,NaN,NaN,NaN,NaN,NaN,NaN,NaN
20200401,19,潘集区政府,105,轻度污染,细颗粒物(PM2.5),79,108,0.6,25,54,84,5
20200401,19,师范学院,65,良,细颗粒物(PM2.5),47,59,0.6,41,54,71,8
20200401,19,谢家集区政府,54,良,颗粒物(PM10),34,57,0.4,31,51,65,6
20200401,19,八公山区政府,52,良,细颗粒物(PM2.5),36,45,0.5,39,59,68,5
20200401,19,焦岗湖风景区管理处,40,优,NaN,28,37,0.5,26,64,71,6
20200401,19,益益乳业工业园,54,良,颗粒物(PM10),37,57,0.5,33,57,65,6
20200401,19,大通区政府（已停运）,NaN,,NaN,NaN,NaN,NaN,NaN,NaN,NaN,NaN
20200401,20,大通区政府,NaN,—,—,NaN,NaN,NaN,NaN,NaN,NaN,NaN
20200401,20,潘集区政府,104,轻度污染,细颗粒物(PM2.5),78,107,0.5,30,59,80,6
20200401,20,师范学院,65,良,细颗粒物(PM2.5),47,72,0.8,57,24,65,8
20200401,20,谢家集区政府,49,优,NaN,34,49,0.6,44,38,61,7
20200401,20,八公山区政府,59,良,细颗粒物(PM2.5),42,47,0.6,48,38,65,6
20200401,20,焦岗湖风景区管理处,43,优,NaN,29,43,0.6,66,16,65,6
20200401,20,益益乳业工业园,52,良,细颗粒物(PM2.5),36,51,0.6,40,48,63,5
20200401,20,大通区政府（已停运）,NaN,,NaN,NaN,NaN,NaN,NaN,NaN,NaN,NaN
20200401,21,大通区政府,NaN,—,—,NaN,NaN,NaN,NaN,NaN,NaN,NaN
20200401,21,潘集区政府,NaN,,NaN,NaN,NaN,NaN,NaN,NaN,NaN,NaN
20200401,21,师范学院,NaN,,NaN,NaN,NaN,NaN,NaN,NaN,NaN,NaN
20200401,21,谢家集区政府,NaN,,NaN,NaN,NaN,NaN,NaN,NaN,NaN,NaN
20200401,21,八公山区政府,NaN,,NaN,NaN,NaN,NaN,NaN,NaN,NaN,NaN
20200401,21,焦岗湖风景区管理处,NaN,,NaN,NaN,NaN,NaN,NaN,NaN,NaN,NaN
20200401,21,益益乳业工业园,NaN,,NaN,NaN,NaN,NaN,NaN,NaN,NaN,NaN
20200401,21,大通区政府（已停运）,NaN,,NaN,NaN,NaN,NaN,NaN,NaN,NaN,NaN
20200401,22,大通区政府,NaN,—,—,NaN,NaN,NaN,NaN,NaN,NaN,NaN
20200401,22,潘集区政府,83,良,细颗粒物(PM2.5),61,72,0.6,55,26,64,5
20200401,22,师范学院,69,良,"
                      颗粒物(PM10)
                      
                      细颗粒物(PM2.5)
                      
",50,87,1.0,60,8,50,9
20200401,22,谢家集区政府,73,良,细颗粒物(PM2.5),53,66,0.5,30,38,53,7
20200401,22,八公山区政府,55,良,细颗粒物(PM2.5),39,42,0.5,26,51,58,6
20200401,22,焦岗湖风景区管理处,57,良,"
                      颗粒物(PM10)
                      
                      细颗粒物(PM2.5)
                      
",40,63,0.6,70,3,47,6
20200401,22,益益乳业工业园,64,良,细颗粒物(PM2.5),46,69,0.6,41,34,53,4
20200401,22,大通区政府（已停运）,NaN,,NaN,NaN,NaN,NaN,NaN,NaN,NaN,NaN
20200401,23,大通区政府,NaN,—,—,NaN,NaN,NaN,NaN,NaN,NaN,NaN
20200401,23,潘集区政府,99,良,细颗粒物(PM2.5),74,124,0.6,39,39,57,6
20200401,23,师范学院,77,良,颗粒物(PM10),47,104,0.8,47,27,43,9
20200401,23,谢家集区政府,64,良,细颗粒物(PM2.5),46,66,0.6,33,36,48,18
20200401,23,八公山区政府,58,良,细颗粒物(PM2.5),41,45,0.5,28,46,54,5
20200401,23,焦岗湖风景区管理处,60,良,颗粒物(PM10),40,69,0.7,69,3,38,5
20200401,23,益益乳业工业园,73,良,细颗粒物(PM2.5),53,76,0.7,28,69,52,9
20200401,23,大通区政府（已停运）,NaN,,NaN,NaN,NaN,NaN,NaN,NaN,NaN,NaN
20200402,00,大通区政府,NaN,—,—,NaN,NaN,NaN,NaN,NaN,NaN,NaN
20200402,00,潘集区政府,114,轻度污染,细颗粒物(PM2.5),86,114,0.6,26,48,51,7
20200402,00,师范学院,85,良,细颗粒物(PM2.5),63,99,0.8,46,48,40,11
20200402,00,谢家集区政府,80,良,细颗粒物(PM2.5),59,79,0.6,32,43,45,13
20200402,00,八公山区政府,74,良,细颗粒物(PM2.5),54,60,0.6,31,50,52,7
20200402,00,焦岗湖风景区管理处,62,良,颗粒物(PM10),40,74,0.7,66,1,29,5
20200402,00,益益乳业工业园,112,轻度污染,细颗粒物(PM2.5),84,125,0.8,19,82,54,9
20200402,00,大通区政府（已停运）,NaN,,NaN,NaN,NaN,NaN,NaN,NaN,NaN,NaN
20200402,01,大通区政府,NaN,—,—,NaN,NaN,NaN,NaN,NaN,NaN,NaN
20200402,01,潘集区政府,103,轻度污染,细颗粒物(PM2.5),77,102,0.6,22,72,72,8
20200402,01,师范学院,125,轻度污染,细颗粒物(PM2.5),95,140,0.9,35,69,69,11
20200402,01,谢家集区政府,102,轻度污染,细颗粒物(PM2.5),76,100,0.6,30,45,45,9
20200402,01,八公山区政府,98,良,细颗粒物(PM2.5),73,85,0.7,26,59,59,6
20200402,01,焦岗湖风景区管理处,64,良,颗粒物(PM10),44,77,0.7,63,2,2,6
20200402,01,益益乳业工业园,139,轻度污染,细颗粒物(PM2.5),106,157,0.8,16,80,80,6
20200402,01,大通区政府（已停运）,NaN,,NaN,NaN,NaN,NaN,NaN,NaN,NaN,NaN
20200402,02,大通区政府,NaN,—,—,NaN,NaN,NaN,NaN,NaN,NaN,NaN
20200402,02,潘集区政府,133,轻度污染,细颗粒物(PM2.5),101,145,0.5,22,78,75,7
20200402,02,师范学院,132,轻度污染,细颗粒物(PM2.5),100,163,0.7,30,76,72,11
20200402,02,谢家集区政府,117,轻度污染,细颗粒物(PM2.5),88,124,0.7,33,61,53,10
20200402,02,八公山区政府,132,轻度污染,细颗粒物(PM2.5),100,126,0.9,20,70,64,18
20200402,02,焦岗湖风景区管理处,62,良,颗粒物(PM10),37,74,0.7,53,33,18,5
20200402,02,益益乳业工业园,138,轻度污染,细颗粒物(PM2.5),105,141,0.7,30,67,74,9
20200402,02,大通区政府（已停运）,NaN,,NaN,NaN,NaN,NaN,NaN,NaN,NaN,NaN
20200402,07,大通区政府,NaN,—,—,NaN,NaN,NaN,NaN,NaN,NaN,NaN
20200402,07,潘集区政府,98,良,细颗粒物(PM2.5),73,109,0.5,33,47,58,11
20200402,07,师范学院,65,良,颗粒物(PM10),30,79,0.7,40,49,69,12
20200402,07,谢家集区政府,75,良,"
                      颗粒物(PM10)
                      
                      细颗粒物(PM2.5)
                      
",55,99,0.6,33,57,66,20
20200402,07,八公山区政府,83,良,细颗粒物(PM2.5),61,95,0.6,43,55,67,10
20200402,07,焦岗湖风景区管理处,79,良,细颗粒物(PM2.5),58,92,0.7,58,37,42,5
20200402,07,益益乳业工业园,58,良,颗粒物(PM10),35,66,0.5,32,58,66,10
20200402,07,大通区政府（已停运）,NaN,,NaN,NaN,NaN,NaN,NaN,NaN,NaN,NaN
